0.4	0.044133333
0.4005	0.044133333
0.401	0.04035
0.4015	0.04035
0.402	0.04035
0.4025	0.04035
0.403	0.04035
0.4035	0.04035
0.404	0.04035
0.4045	0.04035
0.405	0.04035
0.4055	0.04035
0.406	0.04035
0.4065	0.04035
0.407	0.04035
0.4075	0.04035
0.408	0.04035
0.4085	0.04035
0.409	0.04035
0.4095	0.04035
0.41	0.04035
0.4105	0.04035
0.411	0.04035
0.4115	0.04035
0.412	0.0369
0.4125	0.0369
0.413	0.0369
0.4135	0.0369
0.414	0.0338
0.4145	0.0338
0.415	0.0338
0.4155	0.0338
0.416	0.0338
0.4165	0.0338
0.417	0.0338
0.4175	0.0338
0.418	0.0338
0.4185	0.0338
0.419	0.0338
0.4195	0.0338
0.42	0.0338
0.4205	0.0338
0.421	0.0338
0.4215	0.0338
0.422	0.0338
0.4225	0.0338
0.423	0.0338
0.4235	0.0338
0.424	0.0338
0.4245	0.0338
0.425	0.0338
0.4255	0.0338
0.426	0.0338
0.4265	0.0338
0.427	0.0338
0.4275	0.0338
0.428	0.0338
0.4285	0.0338
0.429	0.0338
0.4295	0.0338
0.43	0.0338
0.4305	0.0338
0.431	0.0338
0.4315	0.0338
0.432	0.0338
0.4325	0.0338
0.433	0.0338
0.4335	0.0338
0.434	0.0338
0.4345	0.0338
0.435	0.0338
0.4355	0.0338
0.436	0.0338
0.4365	0.0338
0.437	0.0338
0.4375	0.0338
0.438	0.0338
0.4385	0.0338
0.439	0.0338
0.4395	0.0338
0.44	0.0338
0.4405	0.0338
0.441	0.0338
0.4415	0.0338
0.442	0.0338
0.4425	0.032
0.443	0.032
0.4435	0.032
0.444	0.0292
0.4445	0.0292
0.445	0.0292
0.4455	0.0292
0.446	0.0292
0.4465	0.0292
0.447	0.0292
0.4475	0.0292
0.448	0.0292
0.4485	0.0292
0.449	0.0292
0.4495	0.027533333
0.45	0.027533333
0.4505	0.027533333
0.451	0.0263
0.4515	0.0263
0.452	0.0263
0.4525	0.0263
0.453	0.0263
0.4535	0.0263
0.454	0.0263
0.4545	0.0263
0.455	0.0263
0.4555	0.0263
0.456	0.0263
0.4565	0.0263
0.457	0.0263
0.4575	0.0263
0.458	0.0263
0.4585	0.0263
0.459	0.0263
0.4595	0.0263
0.46	0.0263
0.4605	0.0263
0.461	0.0263
0.4615	0.0263
0.462	0.0263
0.4625	0.0263
0.463	0.0263
0.4635	0.0263
0.464	0.0263
0.4645	0.0263
0.465	0.0263
0.4655	0.0263
0.466	0.0263
0.4665	0.0263
0.467	0.0263
0.4675	0.0263
0.468	0.0263
0.4685	0.0263
0.469	0.0263
0.4695	0.0263
0.47	0.0263
0.4705	0.0263
0.471	0.0263
0.4715	0.0263
0.472	0.0263
0.4725	0.0263
0.473	0.0263
0.4735	0.0263
0.474	0.0263
0.4745	0.0263
0.475	0.0263
0.4755	0.0263
0.476	0.0247
0.4765	0.0247
0.477	0.0247
0.4775	0.0247
0.478	0.02285
0.4785	0.02285
0.479	0.02285
0.4795	0.02285
0.48	0.02285
0.4805	0.02285
0.481	0.02285
0.4815	0.02285
0.482	0.02285
0.4825	0.02285
0.483	0.02285
0.4835	0.02285
0.484	0.02285
0.4845	0.02285
0.485	0.02285
0.4855	0.02285
0.486	0.02285
0.4865	0.02285
0.487	0.02285
0.4875	0.02285
0.488	0.02285
0.4885	0.02285
0.489	0.02285
0.4895	0.02285
0.49	0.02285
0.4905	0.02285
0.491	0.02285
0.4915	0.02285
0.492	0.02285
0.4925	0.02285
0.493	0.02285
0.4935	0.02285
0.494	0.02285
0.4945	0.02285
0.495	0.02285
0.4955	0.02285
0.496	0.02285
0.4965	0.02285
0.497	0.02285
0.4975	0.02285
0.498	0.02285
0.4985	0.02285
0.499	0.02285
0.4995	0.021966667
0.5	0.021966667
0.5005	0.021966667
0.501	0.02085
0.5015	0.02085
0.502	0.02085
0.5025	0.02085
0.503	0.02085
0.5035	0.02085
0.504	0.02085
0.5045	0.02085
0.505	0.02085
0.5055	0.02085
0.506	0.02085
0.5065	0.02085
0.507	0.02085
0.5075	0.02085
0.508	0.02085
0.5085	0.02085
0.509	0.02085
0.5095	0.02085
0.51	0.02085
0.5105	0.02085
0.511	0.02085
0.5115	0.02085
0.512	0.02085
0.5125	0.02085
0.513	0.02085
0.5135	0.02085
0.514	0.02085
0.5145	0.02085
0.515	0.02085
0.5155	0.02085
0.516	0.02085
0.5165	0.0198
0.517	0.0198
0.5175	0.0198
0.518	0.01895
0.5185	0.01895
0.519	0.01895
0.5195	0.01895
0.52	0.01895
0.5205	0.01895
0.521	0.01895
0.5215	0.01895
0.522	0.01895
0.5225	0.01895
0.523	0.01895
0.5235	0.01895
0.524	0.01895
0.5245	0.01895
0.525	0.01895
0.5255	0.01895
0.526	0.01895
0.5265	0.01895
0.527	0.01895
0.5275	0.01895
0.528	0.01895
0.5285	0.01895
0.529	0.01895
0.5295	0.01895
0.53	0.01895
0.5305	0.01895
0.531	0.01895
0.5315	0.01895
0.532	0.01895
0.5325	0.01895
0.533	0.01895
0.5335	0.01895
0.534	0.01895
0.5345	0.01895
0.535	0.01895
0.5355	0.01895
0.536	0.01895
0.5365	0.01895
0.537	0.01895
0.5375	0.01895
0.538	0.01895
0.5385	0.01895
0.539	0.01895
0.5395	0.01895
0.54	0.01895
0.5405	0.01895
0.541	0.01895
0.5415	0.01895
0.542	0.01895
0.5425	0.01895
0.543	0.01895
0.5435	0.01895
0.544	0.01895
0.5445	0.01895
0.545	0.01895
0.5455	0.01895
0.546	0.01895
0.5465	0.01895
0.547	0.01895
0.5475	0.01895
0.548	0.01895
0.5485	0.01895
0.549	0.01895
0.5495	0.018066667
0.55	0.018066667
0.5505	0.018066667
0.551	0.017
0.5515	0.017
0.552	0.017
0.5525	0.017
0.553	0.017
0.5535	0.017
0.554	0.017
0.5545	0.017
0.555	0.017
0.5555	0.017
0.556	0.017
0.5565	0.017
0.557	0.017
0.5575	0.017
0.558	0.017
0.5585	0.017
0.559	0.017
0.5595	0.017
0.56	0.017
0.5605	0.017
0.561	0.017
0.5615	0.017
0.562	0.017
0.5625	0.017
0.563	0.015433333
0.5635	0.015433333
0.564	0.015433333
0.5645	0.015433333
0.565	0.0143
0.5655	0.0143
0.566	0.0143
0.5665	0.0143
0.567	0.0143
0.5675	0.0143
0.568	0.0143
0.5685	0.0143
0.569	0.0143
0.5695	0.0143
0.57	0.0143
0.5705	0.0143
0.571	0.0143
0.5715	0.0143
0.572	0.0143
0.5725	0.0143
0.573	0.0143
0.5735	0.0143
0.574	0.0143
0.5745	0.0143
0.575	0.0143
0.5755	0.0143
0.576	0.0143
0.5765	0.0143
0.577	0.0143
0.5775	0.0143
0.578	0.0143
0.5785	0.0143
0.579	0.0143
0.5795	0.0143
0.58	0.0143
0.5805	0.0143
0.581	0.0143
0.5815	0.0143
0.582	0.0143
0.5825	0.0143
0.583	0.0143
0.5835	0.0143
0.584	0.0143
0.5845	0.0143
0.585	0.0143
0.5855	0.0143
0.586	0.0143
0.5865	0.0143
0.587	0.0143
0.5875	0.0143
0.588	0.0143
0.5885	0.0143
0.589	0.0143
0.5895	0.0143
0.59	0.0143
0.5905	0.0143
0.591	0.0143
0.5915	0.0143
0.592	0.0143
0.5925	0.0143
0.593	0.0143
0.5935	0.0143
0.594	0.0143
0.5945	0.0143
0.595	0.0143
0.5955	0.0143
0.596	0.0143
0.5965	0.0143
0.597	0.0143
0.5975	0.0143
0.598	0.0143
0.5985	0.0143
0.599	0.0143
0.5995	0.013633333
0.6	0.013633333
0.6005	0.013633333
0.601	0.0123
0.6015	0.0123
0.602	0.0123
0.6025	0.0123
0.603	0.0123
0.6035	0.0123
0.604	0.0123
0.6045	0.0123
0.605	0.0123
0.6055	0.0123
0.606	0.0123
0.6065	0.0123
0.607	0.0123
0.6075	0.0123
0.608	0.0123
0.6085	0.0123
0.609	0.0123
0.6095	0.0123
0.61	0.0123
0.6105	0.0123
0.611	0.0123
0.6115	0.0123
0.612	0.0123
0.6125	0.0123
0.613	0.0123
0.6135	0.0123
0.614	0.0123
0.6145	0.0123
0.615	0.0123
0.6155	0.0123
0.616	0.0123
0.6165	0.0123
0.617	0.0123
0.6175	0.0123
0.618	0.0123
0.6185	0.0123
0.619	0.0123
0.6195	0.0123
0.62	0.0123
0.6205	0.0123
0.621	0.0123
0.6215	0.0123
0.622	0.0123
0.6225	0.0123
0.623	0.0123
0.6235	0.0123
0.624	0.0123
0.6245	0.0123
0.625	0.0123
0.6255	0.0123
0.626	0.0123
0.6265	0.0123
0.627	0.0123
0.6275	0.0123
0.628	0.0123
0.6285	0.0123
0.629	0.0123
0.6295	0.0123
0.63	0.0123
0.6305	0.0123
0.631	0.0123
0.6315	0.0123
0.632	0.0123
0.6325	0.0123
0.633	0.0123
0.6335	0.0123
0.634	0.0123
0.6345	0.0123
0.635	0.0123
0.6355	0.0123
0.636	0.0123
0.6365	0.0123
0.637	0.0123
0.6375	0.0123
0.638	0.0123
0.6385	0.0123
0.639	0.0123
0.6395	0.0123
0.64	0.0123
0.6405	0.0123
0.641	0.0123
0.6415	0.0123
0.642	0.0123
0.6425	0.0123
0.643	0.0123
0.6435	0.0123
0.644	0.0123
0.6445	0.0123
0.645	0.0123
0.6455	0.0123
0.646	0.0123
0.6465	0.0123
0.647	0.0123
0.6475	0.0123
0.648	0.0123
0.6485	0.0123
0.649	0.0123
0.6495	0.0123
0.65	0.0123
0.6505	0.0123
0.651	0.0123
0.6515	0.0123
0.652	0.0123
0.6525	0.0123
0.653	0.0123
0.6535	0.0123
0.654	0.0123
0.6545	0.0123
0.655	0.0123
0.6555	0.0123
0.656	0.0123
0.6565	0.0123
0.657	0.0123
0.6575	0.0123
0.658	0.0123
0.6585	0.0123
0.659	0.0123
0.6595	0.0123
0.66	0.0123
0.6605	0.0123
0.661	0.0123
0.6615	0.0123
0.662	0.0123
0.6625	0.0123
0.663	0.0123
0.6635	0.0123
0.664	0.0123
0.6645	0.0123
0.665	0.0123
0.6655	0.0123
0.666	0.0123
0.6665	0.0123
0.667	0.0123
0.6675	0.0123
0.668	0.0123
0.6685	0.0123
0.669	0.0123
0.6695	0.0123
0.67	0.0123
0.6705	0.0123
0.671	0.0123
0.6715	0.0123
0.672	0.0123
0.6725	0.0123
0.673	0.0123
0.6735	0.0123
0.674	0.0123
0.6745	0.0123
0.675	0.0123
0.6755	0.0123
0.676	0.0123
0.6765	0.0123
0.677	0.0123
0.6775	0.0123
0.678	0.0123
0.6785	0.0123
0.679	0.0123
0.6795	0.0123
0.68	0.0123
0.6805	0.0123
0.681	0.0123
0.6815	0.0123
0.682	0.0123
0.6825	0.0123
0.683	0.0123
0.6835	0.0123
0.684	0.0123
0.6845	0.0123
0.685	0.0123
0.6855	0.0123
0.686	0.0123
0.6865	0.0123
0.687	0.0123
0.6875	0.0123
0.688	0.0123
0.6885	0.0123
0.689	0.0123
0.6895	0.0123
0.69	0.0123
0.6905	0.0123
0.691	0.0123
0.6915	0.0123
0.692	0.0123
0.6925	0.0123
0.693	0.0123
0.6935	0.0123
0.694	0.0123
0.6945	0.0123
0.695	0.0123
0.6955	0.0123
0.696	0.0123
0.6965	0.0123
0.697	0.0123
0.6975	0.0123
0.698	0.0123
0.6985	0.0123
0.699	0.012566667
0.6995	0.012566667
0.7	0.012566667
0.7005	0.012566667
0.701	0.0127
0.7015	0.0127
0.702	0.0127
0.7025	0.0127
0.703	0.0127
0.7035	0.0127
0.704	0.0127
0.7045	0.0127
0.705	0.0127
0.7055	0.0127
0.706	0.0127
0.7065	0.0127
0.707	0.0127
0.7075	0.0127
0.708	0.0127
0.7085	0.0127
0.709	0.0127
0.7095	0.0127
0.71	0.0127
0.7105	0.0127
0.711	0.0127
0.7115	0.0127
0.712	0.0127
0.7125	0.0127
0.713	0.0127
0.7135	0.0127
0.714	0.0127
0.7145	0.0127
0.715	0.0127
0.7155	0.0127
0.716	0.0127
0.7165	0.0127
0.717	0.0127
0.7175	0.0127
0.718	0.0127
0.7185	0.0127
0.719	0.0127
0.7195	0.0127
0.72	0.0127
0.7205	0.0127
0.721	0.0127
0.7215	0.0127
0.722	0.0127
0.7225	0.0127
0.723	0.0127
0.7235	0.0127
0.724	0.0127
0.7245	0.0127
0.725	0.0127
0.7255	0.0127
0.726	0.0127
0.7265	0.0127
0.727	0.0127
0.7275	0.0127
0.728	0.0127
0.7285	0.0127
0.729	0.0127
0.7295	0.0127
0.73	0.0127
0.7305	0.0127
0.731	0.0127
0.7315	0.0127
0.732	0.0127
0.7325	0.0127
0.733	0.0127
0.7335	0.0127
0.734	0.0127
0.7345	0.0127
0.735	0.0127
0.7355	0.0127
0.736	0.0127
0.7365	0.0127
0.737	0.0127
0.7375	0.0127
0.738	0.0127
0.7385	0.0127
0.739	0.0127
0.7395	0.0127
0.74	0.0127
0.7405	0.0127
0.741	0.0127
0.7415	0.0127
0.742	0.0127
0.7425	0.0127
0.743	0.0127
0.7435	0.0127
0.744	0.0127
0.7445	0.0127
0.745	0.0127
0.7455	0.0127
0.746	0.0127
0.7465	0.0127
0.747	0.0127
0.7475	0.0127
0.748	0.0127
0.7485	0.0127
0.749	0.0132
0.7495	0.0132
0.75	0.0132
0.7505	0.0132
0.751	0.01365
0.7515	0.01365
0.752	0.01365
0.7525	0.01365
0.753	0.01365
0.7535	0.01365
0.754	0.01365
0.7545	0.01365
0.755	0.01365
0.7555	0.01365
0.756	0.01365
0.7565	0.01365
0.757	0.01365
0.7575	0.01365
0.758	0.01365
0.7585	0.01365
0.759	0.01365
0.7595	0.01365
0.76	0.01365
0.7605	0.01365
0.761	0.01365
0.7615	0.01365
0.762	0.01365
0.7625	0.01365
0.763	0.01365
0.7635	0.01365
0.764	0.01365
0.7645	0.01365
0.765	0.01365
0.7655	0.01365
0.766	0.01365
0.7665	0.01365
0.767	0.01365
0.7675	0.01365
0.768	0.01365
0.7685	0.01365
0.769	0.01365
0.7695	0.01365
0.77	0.01365
0.7705	0.01365
0.771	0.01365
0.7715	0.01365
0.772	0.01365
0.7725	0.01365
0.773	0.01365
0.7735	0.01365
0.774	0.01365
0.7745	0.0142
0.775	0.0142
0.7755	0.0142
0.776	0.01475
0.7765	0.01475
0.777	0.01475
0.7775	0.01475
0.778	0.01475
0.7785	0.01475
0.779	0.01475
0.7795	0.01475
0.78	0.01475
0.7805	0.01475
0.781	0.01475
0.7815	0.01475
0.782	0.01475
0.7825	0.01475
0.783	0.01475
0.7835	0.01475
0.784	0.01475
0.7845	0.01475
0.785	0.01475
0.7855	0.01475
0.786	0.01475
0.7865	0.01475
0.787	0.01475
0.7875	0.01475
0.788	0.01475
0.7885	0.01475
0.789	0.01475
0.7895	0.01475
0.79	0.01475
0.7905	0.01475
0.791	0.01475
0.7915	0.01475
0.792	0.01475
0.7925	0.01475
0.793	0.01475
0.7935	0.01475
0.794	0.01475
0.7945	0.01475
0.795	0.01475
0.7955	0.01475
0.796	0.01475
0.7965	0.01475
0.797	0.01475
0.7975	0.01475
0.798	0.01475
0.7985	0.01475
0.799	0.01475
0.7995	0.0147
0.8	0.0147
0.8005	0.0147
0.801	0.01495
0.8015	0.01495
0.802	0.01495
0.8025	0.01495
0.803	0.01495
0.8035	0.01495
0.804	0.01495
0.8045	0.01495
0.805	0.01495
0.8055	0.01495
0.806	0.01495
0.8065	0.01495
0.807	0.01495
0.8075	0.01495
0.808	0.01495
0.8085	0.01495
0.809	0.01495
0.8095	0.01495
0.81	0.01495
0.8105	0.01495
0.811	0.01495
0.8115	0.01495
0.812	0.01495
0.8125	0.01495
0.813	0.01495
0.8135	0.01495
0.814	0.01495
0.8145	0.01495
0.815	0.01495
0.8155	0.01495
0.816	0.01495
0.8165	0.01495
0.817	0.01495
0.8175	0.01495
0.818	0.01495
0.8185	0.01495
0.819	0.01495
0.8195	0.01495
0.82	0.01495
0.8205	0.01495
0.821	0.01495
0.8215	0.01495
0.822	0.01495
0.8225	0.01495
0.823	0.01495
0.8235	0.01495
0.824	0.01495
0.8245	0.01495
0.825	0.01495
0.8255	0.01495
0.826	0.01495
0.8265	0.01495
0.827	0.01495
0.8275	0.01495
0.828	0.01495
0.8285	0.01495
0.829	0.01495
0.8295	0.01495
0.83	0.01495
0.8305	0.01495
0.831	0.01495
0.8315	0.01495
0.832	0.01495
0.8325	0.01495
0.833	0.01495
0.8335	0.01495
0.834	0.01495
0.8345	0.01495
0.835	0.01495
0.8355	0.01495
0.836	0.01495
0.8365	0.01495
0.837	0.01495
0.8375	0.01495
0.838	0.01495
0.8385	0.01495
0.839	0.01495
0.8395	0.01495
0.84	0.01495
0.8405	0.01495
0.841	0.01495
0.8415	0.01495
0.842	0.01495
0.8425	0.01495
0.843	0.01495
0.8435	0.01495
0.844	0.01495
0.8445	0.01495
0.845	0.01495
0.8455	0.01495
0.846	0.01495
0.8465	0.01495
0.847	0.01495
0.8475	0.01495
0.848	0.01495
0.8485	0.01495
0.849	0.01495
0.8495	0.0145
0.85	0.0145
0.8505	0.0145
0.851	0.0141
0.8515	0.0141
0.852	0.0141
0.8525	0.0141
0.853	0.0141
0.8535	0.0141
0.854	0.0141
0.8545	0.0141
0.855	0.0141
0.8555	0.0141
0.856	0.0141
0.8565	0.0141
0.857	0.0141
0.8575	0.0141
0.858	0.0141
0.8585	0.0141
0.859	0.0141
0.8595	0.0141
0.86	0.0141
0.8605	0.0141
0.861	0.0141
0.8615	0.0141
0.862	0.0141
0.8625	0.0141
0.863	0.0141
0.8635	0.0141
0.864	0.0141
0.8645	0.0141
0.865	0.0141
0.8655	0.0141
0.866	0.0141
0.8665	0.0141
0.867	0.0141
0.8675	0.0141
0.868	0.0141
0.8685	0.0141
0.869	0.0141
0.8695	0.0141
0.87	0.0141
0.8705	0.0141
0.871	0.0141
0.8715	0.0141
0.872	0.0141
0.8725	0.0141
0.873	0.0141
0.8735	0.0141
0.874	0.0141
0.8745	0.0141
0.875	0.0141
0.8755	0.0141
0.876	0.0141
0.8765	0.0141
0.877	0.0141
0.8775	0.0141
0.878	0.0141
0.8785	0.0141
0.879	0.0141
0.8795	0.0141
0.88	0.0141
0.8805	0.0141
0.881	0.0141
0.8815	0.0141
0.882	0.0141
0.8825	0.0141
0.883	0.0141
0.8835	0.0141
0.884	0.0141
0.8845	0.0141
0.885	0.0141
0.8855	0.013833333
0.886	0.013833333
0.8865	0.013833333
0.887	0.01345
0.8875	0.01345
0.888	0.01345
0.8885	0.01345
0.889	0.01345
0.8895	0.01345
0.89	0.01345
0.8905	0.01345
0.891	0.01345
0.8915	0.01345
0.892	0.01345
0.8925	0.01345
0.893	0.01345
0.8935	0.01345
0.894	0.01345
0.8945	0.01345
0.895	0.01345
0.8955	0.01345
0.896	0.01345
0.8965	0.01345
0.897	0.01345
0.8975	0.01345
0.898	0.01345
0.8985	0.01345
0.899	0.01345
0.8995	0.013566667
0.9	0.013566667
0.9005	0.013566667
0.901	0.01355
0.9015	0.01355
0.902	0.01355
0.9025	0.01355
0.903	0.01355
0.9035	0.01355
0.904	0.01355
0.9045	0.01355
0.905	0.01355
0.9055	0.01355
0.906	0.01355
0.9065	0.01355
0.907	0.01355
0.9075	0.01355
0.908	0.01355
0.9085	0.01355
0.909	0.01355
0.9095	0.01355
0.91	0.01355
0.9105	0.01355
0.911	0.01355
0.9115	0.01355
0.912	0.01355
0.9125	0.01355
0.913	0.01355
0.9135	0.01355
0.914	0.01355
0.9145	0.01355
0.915	0.01355
0.9155	0.01355
0.916	0.01355
0.9165	0.01355
0.917	0.01355
0.9175	0.01355
0.918	0.01355
0.9185	0.01355
0.919	0.01355
0.9195	0.01355
0.92	0.01355
0.9205	0.01355
0.921	0.01355
0.9215	0.01355
0.922	0.01355
0.9225	0.01355
0.923	0.01355
0.9235	0.01355
0.924	0.01355
0.9245	0.01355
0.925	0.01355
0.9255	0.01355
0.926	0.01355
0.9265	0.01355
0.927	0.01355
0.9275	0.01355
0.928	0.01355
0.9285	0.01355
0.929	0.01355
0.9295	0.01355
0.93	0.01355
0.9305	0.01355
0.931	0.01355
0.9315	0.01355
0.932	0.01355
0.9325	0.01355
0.933	0.01355
0.9335	0.01355
0.934	0.01355
0.9345	0.01355
0.935	0.01355
0.9355	0.01355
0.936	0.01355
0.9365	0.01355
0.937	0.01355
0.9375	0.01355
0.938	0.01355
0.9385	0.01355
0.939	0.01355
0.9395	0.01355
0.94	0.01355
0.9405	0.01355
0.941	0.01355
0.9415	0.01355
0.942	0.01355
0.9425	0.01355
0.943	0.01355
0.9435	0.01355
0.944	0.01355
0.9445	0.01355
0.945	0.01355
0.9455	0.01355
0.946	0.01355
0.9465	0.01355
0.947	0.01355
0.9475	0.01355
0.948	0.01355
0.9485	0.01355
0.949	0.01355
0.9495	0.01355
0.95	0.01355
0.9505	0.01355
0.951	0.01355
0.9515	0.01355
0.952	0.01355
0.9525	0.01355
0.953	0.01355
0.9535	0.01355
0.954	0.01355
0.9545	0.01355
0.955	0.01355
0.9555	0.01355
0.956	0.01355
0.9565	0.01355
0.957	0.01355
0.9575	0.01355
0.958	0.01355
0.9585	0.01355
0.959	0.01355
0.9595	0.01355
0.96	0.01355
0.9605	0.01355
0.961	0.01355
0.9615	0.01355
0.962	0.01355
0.9625	0.01355
0.963	0.01355
0.9635	0.01355
0.964	0.01355
0.9645	0.01355
0.965	0.01355
0.9655	0.01355
0.966	0.01355
0.9665	0.01355
0.967	0.01355
0.9675	0.01355
0.968	0.01355
0.9685	0.01355
0.969	0.01355
0.9695	0.01355
0.97	0.01355
0.9705	0.01355
0.971	0.01355
0.9715	0.01355
0.972	0.01355
0.9725	0.01355
0.973	0.01355
0.9735	0.01355
0.974	0.01355
0.9745	0.01355
0.975	0.01355
0.9755	0.01355
0.976	0.01355
0.9765	0.01355
0.977	0.01355
0.9775	0.01355
0.978	0.01355
0.9785	0.01355
0.979	0.01355
0.9795	0.01355
0.98	0.01355
0.9805	0.01355
0.981	0.01355
0.9815	0.01355
0.982	0.01355
0.9825	0.01355
0.983	0.01355
0.9835	0.01355
0.984	0.01355
0.9845	0.01355
0.985	0.01355
0.9855	0.01355
0.986	0.01355
0.9865	0.01355
0.987	0.01355
0.9875	0.01355
0.988	0.01355
0.9885	0.01355
0.989	0.01355
0.9895	0.01355
0.99	0.01355
0.9905	0.01355
0.991	0.01355
0.9915	0.01355
0.992	0.01355
0.9925	0.01355
0.993	0.01355
0.9935	0.01355
0.994	0.01355
0.9945	0.01355
0.995	0.01355
0.9955	0.01355
0.996	0.01355
0.9965	0.01355
0.997	0.01355
0.9975	0.01355
0.998	0.01355
0.9985	0.01355
0.999	0.01355
0.9995	0.0136
1	0.0136
1.0005	0.0136
1.001	0.0136
1.0015	0.01375
1.002	0.01375
1.0025	0.01375
1.003	0.01375
1.0035	0.01375
1.004	0.01375
1.0045	0.01375
1.005	0.01375
1.0055	0.01375
1.006	0.01375
1.0065	0.01375
1.007	0.01375
1.0075	0.01375
1.008	0.01375
1.0085	0.01375
1.009	0.01375
1.0095	0.01375
1.01	0.01375
1.0105	0.01375
1.011	0.01375
1.0115	0.01375
1.012	0.01375
1.0125	0.01375
1.013	0.01375
1.0135	0.01375
1.014	0.01375
1.0145	0.01375
1.015	0.01375
1.0155	0.01375
1.016	0.01375
1.0165	0.01375
1.017	0.01375
1.0175	0.01375
1.018	0.01375
1.0185	0.01375
1.019	0.01375
1.0195	0.01375
1.02	0.01375
1.0205	0.01375
1.021	0.01375
1.0215	0.01375
1.022	0.01375
1.0225	0.01375
1.023	0.01375
1.0235	0.01375
1.024	0.01375
1.0245	0.01375
1.025	0.01375
1.0255	0.01375
1.026	0.01375
1.0265	0.01375
1.027	0.01375
1.0275	0.01375
1.028	0.01375
1.0285	0.01375
1.029	0.01375
1.0295	0.01375
1.03	0.01375
1.0305	0.01375
1.031	0.01375
1.0315	0.01375
1.032	0.01375
1.0325	0.0135
1.033	0.0135
1.0335	0.0135
1.034	0.01335
1.0345	0.01335
1.035	0.01335
1.0355	0.01335
1.036	0.01335
1.0365	0.01335
1.037	0.01335
1.0375	0.01335
1.038	0.01335
1.0385	0.01335
1.039	0.01335
1.0395	0.01335
1.04	0.01335
1.0405	0.01335
1.041	0.01335
1.0415	0.01335
1.042	0.01335
1.0425	0.01335
1.043	0.01335
1.0435	0.01335
1.044	0.01335
1.0445	0.01335
1.045	0.01335
1.0455	0.01335
1.046	0.01335
1.0465	0.01335
1.047	0.01335
1.0475	0.01335
1.048	0.01335
1.0485	0.01335
1.049	0.01335
1.0495	0.01335
1.05	0.01335
1.0505	0.01335
1.051	0.01335
1.0515	0.01335
1.052	0.01335
1.0525	0.01335
1.053	0.01335
1.0535	0.01335
1.054	0.01335
1.0545	0.01335
1.055	0.01335
1.0555	0.01335
1.056	0.01335
1.0565	0.01335
1.057	0.01335
1.0575	0.01335
1.058	0.01335
1.0585	0.01335
1.059	0.01335
1.0595	0.01335
1.06	0.01335
1.0605	0.01335
1.061	0.01335
1.0615	0.01335
1.062	0.01335
1.0625	0.01335
1.063	0.01335
1.0635	0.01335
1.064	0.01335
1.0645	0.01335
1.065	0.01335
1.0655	0.01335
1.066	0.01335
1.0665	0.01335
1.067	0.01335
1.0675	0.01335
1.068	0.01335
1.0685	0.01335
1.069	0.01335
1.0695	0.01335
1.07	0.01335
1.0705	0.01335
1.071	0.01335
1.0715	0.01335
1.072	0.01335
1.0725	0.01335
1.073	0.01335
1.0735	0.01335
1.074	0.01335
1.0745	0.01335
1.075	0.01335
1.0755	0.01335
1.076	0.01335
1.0765	0.01335
1.077	0.01335
1.0775	0.01335
1.078	0.01335
1.0785	0.01335
1.079	0.01335
1.0795	0.01335
1.08	0.01335
1.0805	0.01335
1.081	0.01335
1.0815	0.01335
1.082	0.01335
1.0825	0.01335
1.083	0.01335
1.0835	0.01335
1.084	0.01335
1.0845	0.01335
1.085	0.01335
1.0855	0.01335
1.086	0.01335
1.0865	0.01335
1.087	0.01335
1.0875	0.01335
1.088	0.01335
1.0885	0.01335
1.089	0.01335
1.0895	0.01335
1.09	0.01335
1.0905	0.01335
1.091	0.01335
1.0915	0.01335
1.092	0.01335
1.0925	0.01335
1.093	0.01335
1.0935	0.01335
1.094	0.01335
1.0945	0.01335
1.095	0.01335
1.0955	0.01335
1.096	0.01335
1.0965	0.01335
1.097	0.01335
1.0975	0.01335
1.098	0.01335
1.0985	0.01335
1.099	0.01335
1.0995	0.012566667
1.1	0.012566667
1.1005	0.012566667
1.101	0.012
1.1015	0.012
1.102	0.012
1.1025	0.012
1.103	0.012
1.1035	0.012
1.104	0.012
1.1045	0.012
1.105	0.012
1.1055	0.012
1.106	0.012
1.1065	0.012
1.107	0.012
1.1075	0.012
1.108	0.012
1.1085	0.012
1.109	0.012
1.1095	0.012
1.11	0.012
1.1105	0.012
1.111	0.012
1.1115	0.012
1.112	0.012
1.1125	0.012
1.113	0.012
1.1135	0.012
1.114	0.012
1.1145	0.012
1.115	0.012
1.1155	0.012
1.116	0.012
1.1165	0.012
1.117	0.012
1.1175	0.012
1.118	0.012
1.1185	0.012
1.119	0.012
1.1195	0.012
1.12	0.012
1.1205	0.012
1.121	0.012
1.1215	0.012
1.122	0.012
1.1225	0.012
1.123	0.012
1.1235	0.012
1.124	0.012
1.1245	0.012
1.125	0.012
1.1255	0.012
1.126	0.012
1.1265	0.012
1.127	0.012
1.1275	0.012
1.128	0.012
1.1285	0.012
1.129	0.012
1.1295	0.012
1.13	0.012
1.1305	0.012
1.131	0.012
1.1315	0.012
1.132	0.012
1.1325	0.012
1.133	0.012
1.1335	0.012
1.134	0.012
1.1345	0.012
1.135	0.012
1.1355	0.012
1.136	0.012
1.1365	0.012
1.137	0.012
1.1375	0.012
1.138	0.012
1.1385	0.012
1.139	0.012
1.1395	0.012
1.14	0.012
1.1405	0.012
1.141	0.012
1.1415	0.012
1.142	0.012
1.1425	0.012
1.143	0.012
1.1435	0.012
1.144	0.012
1.1445	0.012
1.145	0.012
1.1455	0.012
1.146	0.012
1.1465	0.012
1.147	0.012
1.1475	0.012
1.148	0.012
1.1485	0.012
1.149	0.012
1.1495	0.012
1.15	0.012
1.1505	0.012
1.151	0.012
1.1515	0.012
1.152	0.012
1.1525	0.012
1.153	0.012
1.1535	0.012
1.154	0.012
1.1545	0.012
1.155	0.012
1.1555	0.012
1.156	0.012
1.1565	0.012
1.157	0.012
1.1575	0.012
1.158	0.012
1.1585	0.012
1.159	0.012
1.1595	0.012
1.16	0.012
1.1605	0.012
1.161	0.012
1.1615	0.012
1.162	0.012
1.1625	0.012
1.163	0.012
1.1635	0.012
1.164	0.012
1.1645	0.012
1.165	0.012
1.1655	0.012
1.166	0.012
1.1665	0.012
1.167	0.012
1.1675	0.012
1.168	0.012
1.1685	0.012
1.169	0.012
1.1695	0.012
1.17	0.012
1.1705	0.012
1.171	0.012
1.1715	0.012
1.172	0.012
1.1725	0.012
1.173	0.012
1.1735	0.012
1.174	0.012
1.1745	0.012
1.175	0.012
1.1755	0.012
1.176	0.012
1.1765	0.012
1.177	0.012
1.1775	0.012
1.178	0.012
1.1785	0.012
1.179	0.012
1.1795	0.012
1.18	0.012
1.1805	0.012
1.181	0.012
1.1815	0.012
1.182	0.012
1.1825	0.012
1.183	0.012
1.1835	0.012
1.184	0.012
1.1845	0.012
1.185	0.012
1.1855	0.012
1.186	0.012
1.1865	0.012
1.187	0.012
1.1875	0.012
1.188	0.012
1.1885	0.012
1.189	0.012
1.1895	0.012
1.19	0.012
1.1905	0.012
1.191	0.012
1.1915	0.012
1.192	0.012
1.1925	0.012
1.193	0.012
1.1935	0.012
1.194	0.012
1.1945	0.012
1.195	0.012
1.1955	0.012
1.196	0.012
1.1965	0.012
1.197	0.012
1.1975	0.012
1.198	0.012
1.1985	0.012
1.199	0.012
1.1995	0.011866667
1.2	0.011866667
1.2005	0.011866667
1.201	0.0113
1.2015	0.0113
1.202	0.0113
1.2025	0.0113
1.203	0.0113
1.2035	0.0113
1.204	0.0113
1.2045	0.0113
1.205	0.0113
1.2055	0.0113
1.206	0.0113
1.2065	0.0113
1.207	0.0113
1.2075	0.0113
1.208	0.0113
1.2085	0.0113
1.209	0.0113
1.2095	0.0113
1.21	0.0113
1.2105	0.0113
1.211	0.0113
1.2115	0.0113
1.212	0.0113
1.2125	0.0113
1.213	0.0113
1.2135	0.0113
1.214	0.0113
1.2145	0.0113
1.215	0.0113
1.2155	0.0113
1.216	0.0113
1.2165	0.0113
1.217	0.0113
1.2175	0.0113
1.218	0.0113
1.2185	0.0113
1.219	0.0113
1.2195	0.0113
1.22	0.0113
1.2205	0.0113
1.221	0.0113
1.2215	0.0113
1.222	0.0113
1.2225	0.0113
1.223	0.0113
1.2235	0.0113
1.224	0.0113
1.2245	0.0113
1.225	0.0113
1.2255	0.0113
1.226	0.0113
1.2265	0.0113
1.227	0.0113
1.2275	0.0113
1.228	0.0113
1.2285	0.0113
1.229	0.0113
1.2295	0.0113
1.23	0.0113
1.2305	0.0113
1.231	0.0113
1.2315	0.0113
1.232	0.0113
1.2325	0.0113
1.233	0.0113
1.2335	0.0113
1.234	0.0113
1.2345	0.0113
1.235	0.0113
1.2355	0.0113
1.236	0.0113
1.2365	0.0113
1.237	0.0113
1.2375	0.0113
1.238	0.0113
1.2385	0.0113
1.239	0.0113
1.2395	0.012
1.24	0.012
1.2405	0.012
1.241	0.0125
1.2415	0.0125
1.242	0.0125
1.2425	0.0125
1.243	0.0125
1.2435	0.0125
1.244	0.0125
1.2445	0.0125
1.245	0.0125
1.2455	0.0125
1.246	0.0125
1.2465	0.0125
1.247	0.0125
1.2475	0.0125
1.248	0.0125
1.2485	0.0125
1.249	0.0125
1.2495	0.0125
1.25	0.0125
1.2505	0.0125
1.251	0.0125
1.2515	0.0125
1.252	0.0125
1.2525	0.0125
1.253	0.0125
1.2535	0.0125
1.254	0.0125
1.2545	0.0125
1.255	0.0125
1.2555	0.0125
1.256	0.0125
1.2565	0.0125
1.257	0.0125
1.2575	0.0125
1.258	0.0125
1.2585	0.0125
1.259	0.0125
1.2595	0.0125
1.26	0.0125
1.2605	0.0125
1.261	0.0125
1.2615	0.0125
1.262	0.0125
1.2625	0.0125
1.263	0.0125
1.2635	0.0125
1.264	0.0125
1.2645	0.0125
1.265	0.0125
1.2655	0.0125
1.266	0.0125
1.2665	0.0125
1.267	0.0125
1.2675	0.0125
1.268	0.0125
1.2685	0.0125
1.269	0.0125
1.2695	0.0125
1.27	0.0125
1.2705	0.0125
1.271	0.0125
1.2715	0.0125
1.272	0.0125
1.2725	0.0125
1.273	0.0125
1.2735	0.0125
1.274	0.0125
1.2745	0.0125
1.275	0.0125
1.2755	0.0125
1.276	0.0125
1.2765	0.0125
1.277	0.0125
1.2775	0.0125
1.278	0.0125
1.2785	0.0125
1.279	0.0125
1.2795	0.0125
1.28	0.0125
1.2805	0.0125
1.281	0.0125
1.2815	0.0125
1.282	0.0125
1.2825	0.0125
1.283	0.0125
1.2835	0.0125
1.284	0.0125
1.2845	0.0125
1.285	0.0125
1.2855	0.0125
1.286	0.0125
1.2865	0.0125
1.287	0.0125
1.2875	0.0125
1.288	0.0125
1.2885	0.0125
1.289	0.0125
1.2895	0.0125
1.29	0.0125
1.2905	0.0125
1.291	0.0125
1.2915	0.0125
1.292	0.0125
1.2925	0.0125
1.293	0.0125
1.2935	0.0125
1.294	0.0125
1.2945	0.0125
1.295	0.0125
1.2955	0.0125
1.296	0.0125
1.2965	0.0125
1.297	0.0125
1.2975	0.0125
1.298	0.0125
1.2985	0.0125
1.299	0.0125
1.2995	0.014166667
1.3	0.014166667
1.3005	0.014166667
1.301	0.01545
1.3015	0.01545
1.302	0.01545
1.3025	0.01545
1.303	0.01545
1.3035	0.01545
1.304	0.01545
1.3045	0.01545
1.305	0.01545
1.3055	0.01545
1.306	0.01545
1.3065	0.01545
1.307	0.01545
1.3075	0.01545
1.308	0.01545
1.3085	0.01545
1.309	0.01545
1.3095	0.01545
1.31	0.01545
1.3105	0.01545
1.311	0.01545
1.3115	0.01545
1.312	0.01545
1.3125	0.01545
1.313	0.01545
1.3135	0.01545
1.314	0.01545
1.3145	0.01545
1.315	0.01545
1.3155	0.01545
1.316	0.01545
1.3165	0.01545
1.317	0.01545
1.3175	0.01545
1.318	0.01545
1.3185	0.01545
1.319	0.01545
1.3195	0.01545
1.32	0.01545
1.3205	0.01545
1.321	0.01545
1.3215	0.01545
1.322	0.01545
1.3225	0.01545
1.323	0.01545
1.3235	0.01545
1.324	0.01545
1.3245	0.01545
1.325	0.01545
1.3255	0.01545
1.326	0.01545
1.3265	0.01545
1.327	0.01545
1.3275	0.01545
1.328	0.01545
1.3285	0.01545
1.329	0.01545
1.3295	0.01545
1.33	0.01545
1.3305	0.01545
1.331	0.01545
1.3315	0.01545
1.332	0.01545
1.3325	0.01545
1.333	0.01545
1.3335	0.01545
1.334	0.01545
1.3345	0.01545
1.335	0.01545
1.3355	0.01545
1.336	0.01545
1.3365	0.01545
1.337	0.01545
1.3375	0.01545
1.338	0.01545
1.3385	0.01545
1.339	0.01545
1.3395	0.01545
1.34	0.01545
1.3405	0.01545
1.341	0.01545
1.3415	0.01545
1.342	0.01545
1.3425	0.01545
1.343	0.01545
1.3435	0.01545
1.344	0.01545
1.3445	0.01545
1.345	0.01545
1.3455	0.01545
1.346	0.01545
1.3465	0.01545
1.347	0.01545
1.3475	0.01545
1.348	0.01545
1.3485	0.01545
1.349	0.01545
1.3495	0.01545
1.35	0.01545
1.3505	0.01545
1.351	0.01545
1.3515	0.01545
1.352	0.01545
1.3525	0.01545
1.353	0.01545
1.3535	0.01545
1.354	0.01545
1.3545	0.01545
1.355	0.01545
1.3555	0.01545
1.356	0.01545
1.3565	0.01545
1.357	0.01545
1.3575	0.01545
1.358	0.01545
1.3585	0.01545
1.359	0.01545
1.3595	0.01545
1.36	0.01545
1.3605	0.01545
1.361	0.01545
1.3615	0.01545
1.362	0.01545
1.3625	0.01545
1.363	0.01545
1.3635	0.01545
1.364	0.01545
1.3645	0.01545
1.365	0.01545
1.3655	0.01545
1.366	0.01545
1.3665	0.01545
1.367	0.01545
1.3675	0.01545
1.368	0.01545
1.3685	0.01545
1.369	0.01545
1.3695	0.01545
1.37	0.01545
1.3705	0.01545
1.371	0.01545
1.3715	0.01545
1.372	0.01545
1.3725	0.01545
1.373	0.01545
1.3735	0.01545
1.374	0.01545
1.3745	0.01545
1.375	0.01545
1.3755	0.01545
1.376	0.01545
1.3765	0.01545
1.377	0.01545
1.3775	0.01545
1.378	0.01545
1.3785	0.01545
1.379	0.01545
1.3795	0.01545
1.38	0.01545
1.3805	0.01545
1.381	0.01545
1.3815	0.01545
1.382	0.01545
1.3825	0.01545
1.383	0.01545
1.3835	0.01545
1.384	0.01545
1.3845	0.01545
1.385	0.01545
1.3855	0.01545
1.386	0.01545
1.3865	0.01545
1.387	0.01545
1.3875	0.01545
1.388	0.01545
1.3885	0.01545
1.389	0.01545
1.3895	0.01545
1.39	0.01545
1.3905	0.01545
1.391	0.01545
1.3915	0.01545
1.392	0.01545
1.3925	0.01545
1.393	0.01545
1.3935	0.01545
1.394	0.01545
1.3945	0.01545
1.395	0.01545
1.3955	0.01545
1.396	0.01545
1.3965	0.01545
1.397	0.01545
1.3975	0.01545
1.398	0.01545
1.3985	0.01545
1.399	0.01545
1.3995	0.016766667
1.4	0.016766667
1.4005	0.016766667
1.401	0.01845
1.4015	0.01845
1.402	0.01845
1.4025	0.01845
1.403	0.01845
1.4035	0.01845
1.404	0.01845
1.4045	0.01845
1.405	0.01845
1.4055	0.01845
1.406	0.01845
1.4065	0.01845
1.407	0.01845
1.4075	0.01845
1.408	0.01845
1.4085	0.01845
1.409	0.01845
1.4095	0.01845
1.41	0.01845
1.4105	0.01845
1.411	0.01845
1.4115	0.01845
1.412	0.01845
1.4125	0.01845
1.413	0.01845
1.4135	0.01845
1.414	0.01845
1.4145	0.01845
1.415	0.01845
1.4155	0.01845
1.416	0.01845
1.4165	0.01845
1.417	0.01845
1.4175	0.01845
1.418	0.01845
1.4185	0.01845
1.419	0.01845
1.4195	0.01845
1.42	0.01845
1.4205	0.01845
1.421	0.01845
1.4215	0.01845
1.422	0.01845
1.4225	0.01845
1.423	0.01845
1.4235	0.01845
1.424	0.01845
1.4245	0.01845
1.425	0.01845
1.4255	0.01845
1.426	0.01845
1.4265	0.01845
1.427	0.01845
1.4275	0.01845
1.428	0.01845
1.4285	0.01845
1.429	0.01845
1.4295	0.01845
1.43	0.01845
1.4305	0.01845
1.431	0.01845
1.4315	0.01845
1.432	0.01845
1.4325	0.01845
1.433	0.01845
1.4335	0.01845
1.434	0.01845
1.4345	0.01845
1.435	0.01845
1.4355	0.01845
1.436	0.01845
1.4365	0.01845
1.437	0.01845
1.4375	0.01845
1.438	0.01845
1.4385	0.01845
1.439	0.01845
1.4395	0.01845
1.44	0.01845
1.4405	0.01845
1.441	0.01845
1.4415	0.01845
1.442	0.01845
1.4425	0.01845
1.443	0.01845
1.4435	0.01845
1.444	0.01845
1.4445	0.01845
1.445	0.01845
1.4455	0.01845
1.446	0.01845
1.4465	0.01845
1.447	0.01845
1.4475	0.01845
1.448	0.01845
1.4485	0.01845
1.449	0.01845
1.4495	0.01845
1.45	0.01845
1.4505	0.01845
1.451	0.01845
1.4515	0.01845
1.452	0.01845
1.4525	0.01845
1.453	0.01845
1.4535	0.01845
1.454	0.01845
1.4545	0.01845
1.455	0.01845
1.4555	0.01845
1.456	0.01845
1.4565	0.01845
1.457	0.01845
1.4575	0.01845
1.458	0.01845
1.4585	0.01845
1.459	0.01845
1.4595	0.01845
1.46	0.01845
1.4605	0.01845
1.461	0.01845
1.4615	0.01845
1.462	0.01845
1.4625	0.01845
1.463	0.01845
1.4635	0.01845
1.464	0.01845
1.4645	0.01845
1.465	0.01845
1.4655	0.01845
1.466	0.01845
1.4665	0.01845
1.467	0.01845
1.4675	0.01845
1.468	0.01845
1.4685	0.01845
1.469	0.01845
1.4695	0.01845
1.47	0.01845
1.4705	0.01845
1.471	0.01845
1.4715	0.01845
1.472	0.01845
1.4725	0.01845
1.473	0.01845
1.4735	0.01845
1.474	0.01845
1.4745	0.01845
1.475	0.01845
1.4755	0.01845
1.476	0.01845
1.4765	0.01845
1.477	0.01845
1.4775	0.01845
1.478	0.01845
1.4785	0.01845
1.479	0.01845
1.4795	0.01845
1.48	0.01845
1.4805	0.01845
1.481	0.01845
1.4815	0.01845
1.482	0.01845
1.4825	0.01845
1.483	0.01845
1.4835	0.01845
1.484	0.01845
1.4845	0.01845
1.485	0.01845
1.4855	0.01845
1.486	0.01845
1.4865	0.01845
1.487	0.01845
1.4875	0.01845
1.488	0.01845
1.4885	0.01845
1.489	0.01845
1.4895	0.01845
1.49	0.01845
1.4905	0.01845
1.491	0.01845
1.4915	0.01845
1.492	0.01845
1.4925	0.01845
1.493	0.01845
1.4935	0.01845
1.494	0.01845
1.4945	0.01845
1.495	0.01845
1.4955	0.01845
1.496	0.01845
1.4965	0.01845
1.497	0.01845
1.4975	0.01845
1.498	0.01845
1.4985	0.01845
1.499	0.01845
1.4995	0.018833333
1.5	0.018833333
1.5005	0.018833333
1.501	0.0195
1.5015	0.0195
1.502	0.0195
1.5025	0.0195
1.503	0.0195
1.5035	0.0195
1.504	0.0195
1.5045	0.0195
1.505	0.0195
1.5055	0.0195
1.506	0.0195
1.5065	0.0195
1.507	0.0195
1.5075	0.0195
1.508	0.0195
1.5085	0.0195
1.509	0.0195
1.5095	0.0195
1.51	0.0195
1.5105	0.0195
1.511	0.0195
1.5115	0.0195
1.512	0.0195
1.5125	0.0195
1.513	0.0195
1.5135	0.0195
1.514	0.0195
1.5145	0.0195
1.515	0.0195
1.5155	0.0195
1.516	0.0195
1.5165	0.0195
1.517	0.0195
1.5175	0.0195
1.518	0.0195
1.5185	0.0195
1.519	0.0195
1.5195	0.0195
1.52	0.0195
1.5205	0.0195
1.521	0.0195
1.5215	0.0195
1.522	0.0195
1.5225	0.0195
1.523	0.0195
1.5235	0.0195
1.524	0.0195
1.5245	0.0195
1.525	0.0195
1.5255	0.0195
1.526	0.0195
1.5265	0.0195
1.527	0.0195
1.5275	0.0195
1.528	0.0195
1.5285	0.0195
1.529	0.0195
1.5295	0.0195
1.53	0.0195
1.5305	0.0195
1.531	0.0195
1.5315	0.0195
1.532	0.0195
1.5325	0.0195
1.533	0.0195
1.5335	0.0195
1.534	0.0195
1.5345	0.0195
1.535	0.0195
1.5355	0.0195
1.536	0.0195
1.5365	0.0195
1.537	0.0195
1.5375	0.0195
1.538	0.0195
1.5385	0.0195
1.539	0.0195
1.5395	0.0195
1.54	0.0195
1.5405	0.0195
1.541	0.0195
1.5415	0.0195
1.542	0.0195
1.5425	0.0195
1.543	0.0195
1.5435	0.0195
1.544	0.0195
1.5445	0.0195
1.545	0.0195
1.5455	0.0195
1.546	0.0195
1.5465	0.0195
1.547	0.0195
1.5475	0.0195
1.548	0.0195
1.5485	0.0195
1.549	0.0195
1.5495	0.0196
1.55	0.0196
1.5505	0.0196
1.551	0.0197
1.5515	0.0197
1.552	0.0197
1.5525	0.0197
1.553	0.0197
1.5535	0.0197
1.554	0.0197
1.5545	0.0197
1.555	0.0197
1.5555	0.0197
1.556	0.0197
1.5565	0.0197
1.557	0.0197
1.5575	0.0197
1.558	0.0197
1.5585	0.0197
1.559	0.0197
1.5595	0.0197
1.56	0.0197
1.5605	0.0197
1.561	0.0197
1.5615	0.0197
1.562	0.0197
1.5625	0.0197
1.563	0.0197
1.5635	0.0197
1.564	0.0197
1.5645	0.0197
1.565	0.0197
1.5655	0.0197
1.566	0.0197
1.5665	0.0197
1.567	0.0197
1.5675	0.0197
1.568	0.0197
1.5685	0.0197
1.569	0.0197
1.5695	0.0197
1.57	0.0197
1.5705	0.0197
1.571	0.0197
1.5715	0.0197
1.572	0.0197
1.5725	0.0197
1.573	0.0197
1.5735	0.0197
1.574	0.0197
1.5745	0.0197
1.575	0.0197
1.5755	0.0197
1.576	0.0197
1.5765	0.0197
1.577	0.0197
1.5775	0.0197
1.578	0.0197
1.5785	0.0197
1.579	0.0197
1.5795	0.0197
1.58	0.0197
1.5805	0.0197
1.581	0.0197
1.5815	0.0197
1.582	0.0197
1.5825	0.0197
1.583	0.0197
1.5835	0.0197
1.584	0.0197
1.5845	0.0197
1.585	0.0197
1.5855	0.0197
1.586	0.0197
1.5865	0.0197
1.587	0.0197
1.5875	0.0197
1.588	0.0197
1.5885	0.0197
1.589	0.0197
1.5895	0.0197
1.59	0.0197
1.5905	0.0197
1.591	0.0197
1.5915	0.0197
1.592	0.0197
1.5925	0.0197
1.593	0.0197
1.5935	0.0197
1.594	0.0197
1.5945	0.0197
1.595	0.0197
1.5955	0.0197
1.596	0.0197
1.5965	0.0197
1.597	0.0197
1.5975	0.0197
1.598	0.0197
1.5985	0.0197
1.599	0.0197
1.5995	0.0199
1.6	0.0199
1.6005	0.0199
1.601	0.02005
1.6015	0.02005
1.602	0.02005
1.6025	0.02005
1.603	0.02005
1.6035	0.02005
1.604	0.02005
1.6045	0.02005
1.605	0.02005
1.6055	0.02005
1.606	0.02005
1.6065	0.02005
1.607	0.02005
1.6075	0.02005
1.608	0.02005
1.6085	0.02005
1.609	0.02005
1.6095	0.02005
1.61	0.02005
1.6105	0.02005
1.611	0.02005
1.6115	0.02005
1.612	0.02005
1.6125	0.02005
1.613	0.02005
1.6135	0.02005
1.614	0.02005
1.6145	0.02005
1.615	0.02005
1.6155	0.02005
1.616	0.02005
1.6165	0.02005
1.617	0.02005
1.6175	0.02005
1.618	0.02005
1.6185	0.02005
1.619	0.02005
1.6195	0.02005
1.62	0.02005
1.6205	0.02005
1.621	0.02005
1.6215	0.02005
1.622	0.02005
1.6225	0.02005
1.623	0.02005
1.6235	0.02005
1.624	0.02005
1.6245	0.02005
1.625	0.02005
1.6255	0.02005
1.626	0.02005
1.6265	0.02005
1.627	0.02005
1.6275	0.02005
1.628	0.02005
1.6285	0.02005
1.629	0.02005
1.6295	0.02005
1.63	0.02005
1.6305	0.02005
1.631	0.02005
1.6315	0.02005
1.632	0.02005
1.6325	0.02005
1.633	0.02005
1.6335	0.02005
1.634	0.02005
1.6345	0.02005
1.635	0.02005
1.6355	0.02005
1.636	0.02005
1.6365	0.02005
1.637	0.02005
1.6375	0.02005
1.638	0.02005
1.6385	0.02005
1.639	0.02005
1.6395	0.02005
1.64	0.02005
1.6405	0.02005
1.641	0.02005
1.6415	0.02005
1.642	0.02005
1.6425	0.02005
1.643	0.02005
1.6435	0.02005
1.644	0.02005
1.6445	0.02005
1.645	0.02005
1.6455	0.02005
1.646	0.02005
1.6465	0.02005
1.647	0.02005
1.6475	0.02005
1.648	0.02005
1.6485	0.02005
1.649	0.02005
1.6495	0.02005
1.65	0.02005
1.6505	0.02005
1.651	0.02005
1.6515	0.02005
1.652	0.02005
1.6525	0.02005
1.653	0.02005
1.6535	0.02005
1.654	0.02005
1.6545	0.02005
1.655	0.02005
1.6555	0.02005
1.656	0.02005
1.6565	0.02005
1.657	0.02005
1.6575	0.02005
1.658	0.02005
1.6585	0.02005
1.659	0.02005
1.6595	0.02005
1.66	0.02005
1.6605	0.02005
1.661	0.02005
1.6615	0.02005
1.662	0.02005
1.6625	0.02005
1.663	0.02005
1.6635	0.02005
1.664	0.02005
1.6645	0.02005
1.665	0.02005
1.6655	0.02005
1.666	0.02005
1.6665	0.02005
1.667	0.02005
1.6675	0.02005
1.668	0.02005
1.6685	0.02005
1.669	0.02005
1.6695	0.02005
1.67	0.02005
1.6705	0.02005
1.671	0.02005
1.6715	0.02005
1.672	0.02005
1.6725	0.02005
1.673	0.02005
1.6735	0.02005
1.674	0.02005
1.6745	0.02005
1.675	0.02005
1.6755	0.02005
1.676	0.02005
1.6765	0.02005
1.677	0.02005
1.6775	0.02005
1.678	0.02005
1.6785	0.02005
1.679	0.02005
1.6795	0.02005
1.68	0.02005
1.6805	0.02005
1.681	0.02005
1.6815	0.02005
1.682	0.02005
1.6825	0.02005
1.683	0.02005
1.6835	0.02005
1.684	0.02005
1.6845	0.02005
1.685	0.02005
1.6855	0.02005
1.686	0.02005
1.6865	0.02005
1.687	0.02005
1.6875	0.02005
1.688	0.02005
1.6885	0.02005
1.689	0.02005
1.6895	0.02005
1.69	0.02005
1.6905	0.02005
1.691	0.02005
1.6915	0.02005
1.692	0.02005
1.6925	0.02005
1.693	0.02005
1.6935	0.02005
1.694	0.02005
1.6945	0.02005
1.695	0.02005
1.6955	0.02005
1.696	0.02005
1.6965	0.02005
1.697	0.02005
1.6975	0.02005
1.698	0.02005
1.6985	0.02005
1.699	0.02005
1.6995	0.020266667
1.7	0.020266667
1.7005	0.020266667
1.701	0.0205
1.7015	0.0205
1.702	0.0205
1.7025	0.0205
1.703	0.0205
1.7035	0.0205
1.704	0.0205
1.7045	0.0205
1.705	0.0205
1.7055	0.0205
1.706	0.0205
1.7065	0.0205
1.707	0.0205
1.7075	0.0205
1.708	0.0205
1.7085	0.0205
1.709	0.0205
1.7095	0.0205
1.71	0.0205
1.7105	0.0205
1.711	0.0205
1.7115	0.0205
1.712	0.0205
1.7125	0.0205
1.713	0.0205
1.7135	0.0205
1.714	0.0205
1.7145	0.0205
1.715	0.0205
1.7155	0.0205
1.716	0.0205
1.7165	0.0205
1.717	0.0205
1.7175	0.0205
1.718	0.0205
1.7185	0.0205
1.719	0.0205
1.7195	0.0205
1.72	0.0205
1.7205	0.0205
1.721	0.0205
1.7215	0.0205
1.722	0.0205
1.7225	0.0205
1.723	0.0205
1.7235	0.0205
1.724	0.0205
1.7245	0.0205
1.725	0.0205
1.7255	0.0205
1.726	0.0205
1.7265	0.0205
1.727	0.0205
1.7275	0.0205
1.728	0.0205
1.7285	0.0205
1.729	0.0205
1.7295	0.0205
1.73	0.0205
1.7305	0.0205
1.731	0.0205
1.7315	0.0205
1.732	0.0205
1.7325	0.0205
1.733	0.0205
1.7335	0.0205
1.734	0.0205
1.7345	0.0205
1.735	0.0205
1.7355	0.0205
1.736	0.0205
1.7365	0.0205
1.737	0.0205
1.7375	0.0205
1.738	0.0205
1.7385	0.0205
1.739	0.0205
1.7395	0.0205
1.74	0.0205
1.7405	0.0205
1.741	0.0205
1.7415	0.0205
1.742	0.0205
1.7425	0.0205
1.743	0.0205
1.7435	0.0205
1.744	0.0205
1.7445	0.0205
1.745	0.0205
1.7455	0.0205
1.746	0.0205
1.7465	0.0205
1.747	0.0205
1.7475	0.0205
1.748	0.0205
1.7485	0.0205
1.749	0.0205
1.7495	0.0205
1.75	0.0205
1.7505	0.0205
1.751	0.0205
1.7515	0.0205
1.752	0.0205
1.7525	0.0205
1.753	0.0205
1.7535	0.0205
1.754	0.0205
1.7545	0.0205
1.755	0.0205
1.7555	0.0205
1.756	0.0205
1.7565	0.0205
1.757	0.0205
1.7575	0.0205
1.758	0.0205
1.7585	0.0205
1.759	0.0205
1.7595	0.0205
1.76	0.0205
1.7605	0.0205
1.761	0.0205
1.7615	0.0205
1.762	0.0205
1.7625	0.0205
1.763	0.0205
1.7635	0.0205
1.764	0.0205
1.7645	0.0205
1.765	0.0205
1.7655	0.0205
1.766	0.0205
1.7665	0.0205
1.767	0.0205
1.7675	0.0205
1.768	0.0205
1.7685	0.0205
1.769	0.0205
1.7695	0.0205
1.77	0.0205
1.7705	0.0205
1.771	0.0205
1.7715	0.0205
1.772	0.0205
1.7725	0.0205
1.773	0.0205
1.7735	0.0205
1.774	0.0205
1.7745	0.0205
1.775	0.0205
1.7755	0.0205
1.776	0.0205
1.7765	0.0205
1.777	0.0205
1.7775	0.0205
1.778	0.0205
1.7785	0.0205
1.779	0.0205
1.7795	0.0205
1.78	0.0205
1.7805	0.0205
1.781	0.0205
1.7815	0.0205
1.782	0.0205
1.7825	0.0205
1.783	0.0205
1.7835	0.0205
1.784	0.0205
1.7845	0.0205
1.785	0.0205
1.7855	0.0205
1.786	0.0205
1.7865	0.0205
1.787	0.0205
1.7875	0.0205
1.788	0.0205
1.7885	0.0205
1.789	0.0205
1.7895	0.0205
1.79	0.0205
1.7905	0.0205
1.791	0.0205
1.7915	0.0205
1.792	0.0205
1.7925	0.0205
1.793	0.0205
1.7935	0.0205
1.794	0.0205
1.7945	0.0205
1.795	0.0205
1.7955	0.0205
1.796	0.0205
1.7965	0.0205
1.797	0.0205
1.7975	0.0205
1.798	0.0205
1.7985	0.0205
1.799	0.0205
1.7995	0.0207
1.8	0.0207
1.8005	0.0207
1.801	0.0209
1.8015	0.0209
1.802	0.0209
1.8025	0.0209
1.803	0.0209
1.8035	0.0209
1.804	0.0209
1.8045	0.0209
1.805	0.0209
1.8055	0.0209
1.806	0.0209
1.8065	0.0209
1.807	0.0209
1.8075	0.0209
1.808	0.0209
1.8085	0.0209
1.809	0.0209
1.8095	0.0209
1.81	0.0209
1.8105	0.0209
1.811	0.0209
1.8115	0.0209
1.812	0.0209
1.8125	0.0209
1.813	0.0209
1.8135	0.0209
1.814	0.0209
1.8145	0.0209
1.815	0.0209
1.8155	0.0209
1.816	0.0209
1.8165	0.0209
1.817	0.0209
1.8175	0.0209
1.818	0.0209
1.8185	0.0209
1.819	0.0209
1.8195	0.0209
1.82	0.0209
1.8205	0.0209
1.821	0.0209
1.8215	0.0209
1.822	0.0209
1.8225	0.0209
1.823	0.0209
1.8235	0.0209
1.824	0.0209
1.8245	0.0209
1.825	0.0209
1.8255	0.0209
1.826	0.0209
1.8265	0.0209
1.827	0.0209
1.8275	0.0209
1.828	0.0209
1.8285	0.0209
1.829	0.0209
1.8295	0.0209
1.83	0.0209
1.8305	0.0209
1.831	0.0209
1.8315	0.0209
1.832	0.0209
1.8325	0.0209
1.833	0.0209
1.8335	0.0209
1.834	0.0209
1.8345	0.0209
1.835	0.0209
1.8355	0.0209
1.836	0.0209
1.8365	0.0209
1.837	0.0209
1.8375	0.0209
1.838	0.0209
1.8385	0.0209
1.839	0.0209
1.8395	0.0209
1.84	0.0209
1.8405	0.0209
1.841	0.0209
1.8415	0.0209
1.842	0.0209
1.8425	0.0209
1.843	0.0209
1.8435	0.0209
1.844	0.0209
1.8445	0.0209
1.845	0.0209
1.8455	0.0209
1.846	0.0209
1.8465	0.0209
1.847	0.0209
1.8475	0.0209
1.848	0.0209
1.8485	0.0209
1.849	0.0209
1.8495	0.0209
1.85	0.0209
1.8505	0.0209
1.851	0.0209
1.8515	0.0209
1.852	0.0209
1.8525	0.0209
1.853	0.0209
1.8535	0.0209
1.854	0.0209
1.8545	0.0209
1.855	0.0209
1.8555	0.0209
1.856	0.0209
1.8565	0.0209
1.857	0.0209
1.8575	0.0209
1.858	0.0209
1.8585	0.0209
1.859	0.0209
1.8595	0.0209
1.86	0.0209
1.8605	0.0209
1.861	0.0209
1.8615	0.0209
1.862	0.0209
1.8625	0.0209
1.863	0.0209
1.8635	0.0209
1.864	0.0209
1.8645	0.0209
1.865	0.0209
1.8655	0.0209
1.866	0.0209
1.8665	0.0209
1.867	0.0209
1.8675	0.0209
1.868	0.0209
1.8685	0.0209
1.869	0.0209
1.8695	0.0209
1.87	0.0209
1.8705	0.0209
1.871	0.0209
1.8715	0.0209
1.872	0.0209
1.8725	0.0209
1.873	0.0209
1.8735	0.0209
1.874	0.0209
1.8745	0.0209
1.875	0.0209
1.8755	0.0209
1.876	0.0209
1.8765	0.0209
1.877	0.0209
1.8775	0.0209
1.878	0.0209
1.8785	0.0209
1.879	0.0209
1.8795	0.0209
1.88	0.0209
1.8805	0.0209
1.881	0.0209
1.8815	0.0209
1.882	0.0209
1.8825	0.0209
1.883	0.0209
1.8835	0.0209
1.884	0.0209
1.8845	0.0209
1.885	0.0209
1.8855	0.0209
1.886	0.0209
1.8865	0.0209
1.887	0.0209
1.8875	0.0209
1.888	0.0209
1.8885	0.0209
1.889	0.0209
1.8895	0.0209
1.89	0.0209
1.8905	0.0209
1.891	0.0209
1.8915	0.0209
1.892	0.0209
1.8925	0.0209
1.893	0.0209
1.8935	0.0209
1.894	0.0209
1.8945	0.0209
1.895	0.0209
1.8955	0.0209
1.896	0.0209
1.8965	0.0209
1.897	0.0209
1.8975	0.0209
1.898	0.0209
1.8985	0.0209
1.899	0.0209
1.8995	0.0215
1.9	0.0215
1.9005	0.0215
1.901	0.0219
1.9015	0.0219
1.902	0.0219
1.9025	0.0219
1.903	0.0219
1.9035	0.0219
1.904	0.0219
1.9045	0.0219
1.905	0.0219
1.9055	0.0219
1.906	0.0219
1.9065	0.0219
1.907	0.0219
1.9075	0.0219
1.908	0.0219
1.9085	0.0219
1.909	0.0219
1.9095	0.0219
1.91	0.0219
1.9105	0.0219
1.911	0.0219
1.9115	0.0219
1.912	0.0219
1.9125	0.0219
1.913	0.0219
1.9135	0.0219
1.914	0.0219
1.9145	0.0219
1.915	0.0219
1.9155	0.0219
1.916	0.0219
1.9165	0.0219
1.917	0.0219
1.9175	0.0219
1.918	0.0219
1.9185	0.0219
1.919	0.0219
1.9195	0.0219
1.92	0.0219
1.9205	0.0219
1.921	0.0219
1.9215	0.0219
1.922	0.0219
1.9225	0.0219
1.923	0.0219
1.9235	0.0219
1.924	0.0219
1.9245	0.0219
1.925	0.0219
1.9255	0.0219
1.926	0.0219
1.9265	0.0219
1.927	0.0219
1.9275	0.0219
1.928	0.0219
1.9285	0.0219
1.929	0.0219
1.9295	0.0219
1.93	0.0219
1.9305	0.0219
1.931	0.0219
1.9315	0.0219
1.932	0.0219
1.9325	0.0219
1.933	0.0219
1.9335	0.0219
1.934	0.0219
1.9345	0.0219
1.935	0.0219
1.9355	0.0219
1.936	0.0219
1.9365	0.0219
1.937	0.0219
1.9375	0.0219
1.938	0.0219
1.9385	0.0219
1.939	0.0219
1.9395	0.0219
1.94	0.0219
1.9405	0.0219
1.941	0.0219
1.9415	0.0219
1.942	0.0219
1.9425	0.0219
1.943	0.0219
1.9435	0.0219
1.944	0.0219
1.9445	0.0219
1.945	0.0219
1.9455	0.0219
1.946	0.0219
1.9465	0.0219
1.947	0.0219
1.9475	0.0219
1.948	0.0219
1.9485	0.0219
1.949	0.0219
1.9495	0.0219
1.95	0.0219
1.9505	0.0219
1.951	0.0219
1.9515	0.0219
1.952	0.0219
1.9525	0.0219
1.953	0.0219
1.9535	0.0219
1.954	0.0219
1.9545	0.0219
1.955	0.0219
1.9555	0.0219
1.956	0.0219
1.9565	0.0219
1.957	0.0219
1.9575	0.0219
1.958	0.0219
1.9585	0.0219
1.959	0.0219
1.9595	0.0219
1.96	0.0219
1.9605	0.0219
1.961	0.0219
1.9615	0.0219
1.962	0.0219
1.9625	0.0219
1.963	0.0219
1.9635	0.0219
1.964	0.0219
1.9645	0.0219
1.965	0.0219
1.9655	0.0219
1.966	0.0219
1.9665	0.0219
1.967	0.0219
1.9675	0.0219
1.968	0.0219
1.9685	0.0219
1.969	0.0219
1.9695	0.0219
1.97	0.0219
1.9705	0.0219
1.971	0.0219
1.9715	0.0219
1.972	0.0219
1.9725	0.0219
1.973	0.0219
1.9735	0.0219
1.974	0.0219
1.9745	0.0219
1.975	0.0219
1.9755	0.0219
1.976	0.0219
1.9765	0.0219
1.977	0.0219
1.9775	0.0219
1.978	0.0219
1.9785	0.0219
1.979	0.0219
1.9795	0.0219
1.98	0.0219
1.9805	0.0219
1.981	0.0219
1.9815	0.0219
1.982	0.0219
1.9825	0.0219
1.983	0.0219
1.9835	0.0219
1.984	0.0219
1.9845	0.0219
1.985	0.0219
1.9855	0.0219
1.986	0.0219
1.9865	0.0219
1.987	0.0219
1.9875	0.0219
1.988	0.0219
1.9885	0.0219
1.989	0.0219
1.9895	0.0219
1.99	0.0219
1.9905	0.0219
1.991	0.0219
1.9915	0.0219
1.992	0.0219
1.9925	0.0219
1.993	0.0219
1.9935	0.0219
1.994	0.0219
1.9945	0.0219
1.995	0.0219
1.9955	0.0219
1.996	0.0219
1.9965	0.0219
1.997	0.0219
1.9975	0.0219
1.998	0.0219
1.9985	0.0219
1.999	0.0219
1.9995	0.0226
2	0.0226
2.0005	0.0226
2.001	0.02335
2.0015	0.02335
2.002	0.02335
2.0025	0.02335
2.003	0.02335
2.0035	0.02335
2.004	0.02335
2.0045	0.02335
2.005	0.02335
2.0055	0.02335
2.006	0.02335
2.0065	0.02335
2.007	0.02335
2.0075	0.02335
2.008	0.02335
2.0085	0.02335
2.009	0.02335
2.0095	0.02335
2.01	0.02335
2.0105	0.02335
2.011	0.02335
2.0115	0.02335
2.012	0.02335
2.0125	0.02335
2.013	0.02335
2.0135	0.02335
2.014	0.02335
2.0145	0.02335
2.015	0.02335
2.0155	0.02335
2.016	0.02335
2.0165	0.02335
2.017	0.02335
2.0175	0.02335
2.018	0.02335
2.0185	0.02335
2.019	0.02335
2.0195	0.02335
2.02	0.02335
2.0205	0.02335
2.021	0.02335
2.0215	0.02335
2.022	0.02335
2.0225	0.02335
2.023	0.02335
2.0235	0.02335
2.024	0.02335
2.0245	0.02335
2.025	0.02335
2.0255	0.02335
2.026	0.02335
2.0265	0.02335
2.027	0.02335
2.0275	0.02335
2.028	0.02335
2.0285	0.02335
2.029	0.02335
2.0295	0.02335
2.03	0.02335
2.0305	0.02335
2.031	0.02335
2.0315	0.02335
2.032	0.02335
2.0325	0.02335
2.033	0.02335
2.0335	0.02335
2.034	0.02335
2.0345	0.02335
2.035	0.02335
2.0355	0.02335
2.036	0.02335
2.0365	0.02335
2.037	0.02335
2.0375	0.02335
2.038	0.02335
2.0385	0.02335
2.039	0.02335
2.0395	0.02335
2.04	0.02335
2.0405	0.02335
2.041	0.02335
2.0415	0.02335
2.042	0.02335
2.0425	0.02335
2.043	0.02335
2.0435	0.02335
2.044	0.02335
2.0445	0.02335
2.045	0.02335
2.0455	0.02335
2.046	0.02335
2.0465	0.02335
2.047	0.02335
2.0475	0.02335
2.048	0.02335
2.0485	0.02335
2.049	0.02335
2.0495	0.02335
2.05	0.02335
2.0505	0.02335
2.051	0.02335
2.0515	0.02335
2.052	0.02335
2.0525	0.02335
2.053	0.02335
2.0535	0.02335
2.054	0.02335
2.0545	0.02335
2.055	0.02335
2.0555	0.02335
2.056	0.02335
2.0565	0.02335
2.057	0.02335
2.0575	0.02335
2.058	0.02335
2.0585	0.02335
2.059	0.02335
2.0595	0.02335
2.06	0.02335
2.0605	0.02335
2.061	0.02335
2.0615	0.02335
2.062	0.02335
2.0625	0.02335
2.063	0.02335
2.0635	0.02335
2.064	0.02335
2.0645	0.02335
2.065	0.02335
2.0655	0.023766667
2.066	0.023766667
2.0665	0.023766667
2.067	0.0243
2.0675	0.0243
2.068	0.0243
2.0685	0.0243
2.069	0.0243
2.0695	0.0243
2.07	0.0243
2.0705	0.0243
2.071	0.0243
2.0715	0.0243
2.072	0.0243
2.0725	0.0243
2.073	0.0243
2.0735	0.0243
2.074	0.0243
2.0745	0.0243
2.075	0.0243
2.0755	0.0243
2.076	0.0243
2.0765	0.0243
2.077	0.0243
2.0775	0.0243
2.078	0.0243
2.0785	0.0243
2.079	0.0243
2.0795	0.0243
2.08	0.0243
2.0805	0.0243
2.081	0.0243
2.0815	0.0243
2.082	0.0243
2.0825	0.0243
2.083	0.0243
2.0835	0.0243
2.084	0.0243
2.0845	0.0243
2.085	0.0243
2.0855	0.0243
2.086	0.0243
2.0865	0.0243
2.087	0.0243
2.0875	0.0243
2.088	0.0243
2.0885	0.0243
2.089	0.0243
2.0895	0.0243
2.09	0.0243
2.0905	0.0243
2.091	0.0243
2.0915	0.0243
2.092	0.0243
2.0925	0.0243
2.093	0.0243
2.0935	0.0243
2.094	0.0243
2.0945	0.0243
2.095	0.0243
2.0955	0.0243
2.096	0.0243
2.0965	0.0243
2.097	0.0243
2.0975	0.0243
2.098	0.0243
2.0985	0.0243
2.099	0.0243
2.0995	0.0246
2.1	0.0246
2.1005	0.0246
2.101	0.0249
2.1015	0.0249
2.102	0.0249
2.1025	0.0249
2.103	0.0249
2.1035	0.0249
2.104	0.0249
2.1045	0.0249
2.105	0.0249
2.1055	0.0249
2.106	0.0249
2.1065	0.0249
2.107	0.0249
2.1075	0.0249
2.108	0.0249
2.1085	0.0249
2.109	0.0249
2.1095	0.0249
2.11	0.0249
2.1105	0.0249
2.111	0.0249
2.1115	0.0249
2.112	0.0249
2.1125	0.0249
2.113	0.0249
2.1135	0.0249
2.114	0.0249
2.1145	0.0249
2.115	0.0249
2.1155	0.0249
2.116	0.0249
2.1165	0.0249
2.117	0.0249
2.1175	0.0249
2.118	0.0249
2.1185	0.0249
2.119	0.0249
2.1195	0.0249
2.12	0.0249
2.1205	0.0249
2.121	0.0249
2.1215	0.0249
2.122	0.0249
2.1225	0.0249
2.123	0.0249
2.1235	0.0249
2.124	0.0249
2.1245	0.0249
2.125	0.0249
2.1255	0.0249
2.126	0.0249
2.1265	0.0249
2.127	0.0249
2.1275	0.0249
2.128	0.0249
2.1285	0.0249
2.129	0.0249
2.1295	0.0249
2.13	0.0249
2.1305	0.0249
2.131	0.0249
2.1315	0.0249
2.132	0.0249
2.1325	0.0249
2.133	0.0249
2.1335	0.0249
2.134	0.0249
2.1345	0.0249
2.135	0.0249
2.1355	0.0249
2.136	0.0249
2.1365	0.0249
2.137	0.0249
2.1375	0.0252
2.138	0.0252
2.1385	0.0252
2.139	0.0255
2.1395	0.0255
2.14	0.0255
2.1405	0.0255
2.141	0.0255
2.1415	0.0255
2.142	0.0255
2.1425	0.0255
2.143	0.0255
2.1435	0.0255
2.144	0.0255
2.1445	0.0255
2.145	0.0255
2.1455	0.0255
2.146	0.0255
2.1465	0.0255
2.147	0.0255
2.1475	0.0255
2.148	0.0255
2.1485	0.0255
2.149	0.0255
2.1495	0.0255
2.15	0.0255
2.1505	0.0255
2.151	0.0255
2.1515	0.0255
2.152	0.0255
2.1525	0.0255
2.153	0.0255
2.1535	0.0255
2.154	0.0255
2.1545	0.0255
2.155	0.0255
2.1555	0.0255
2.156	0.0255
2.1565	0.0255
2.157	0.0255
2.1575	0.0255
2.158	0.0255
2.1585	0.0255
2.159	0.0255
2.1595	0.0255
2.16	0.0255
2.1605	0.0255
2.161	0.0255
2.1615	0.0255
2.162	0.0255
2.1625	0.0255
2.163	0.0255
2.1635	0.0255
2.164	0.0255
2.1645	0.0255
2.165	0.0255
2.1655	0.0255
2.166	0.0255
2.1665	0.0255
2.167	0.0255
2.1675	0.0255
2.168	0.0255
2.1685	0.0255
2.169	0.0255
2.1695	0.0255
2.17	0.0255
2.1705	0.0255
2.171	0.0255
2.1715	0.0255
2.172	0.0255
2.1725	0.0255
2.173	0.0255
2.1735	0.0255
2.174	0.0255
2.1745	0.025733333
2.175	0.025733333
2.1755	0.025733333
2.176	0.026
2.1765	0.026
2.177	0.026
2.1775	0.026
2.178	0.026
2.1785	0.026
2.179	0.026
2.1795	0.026
2.18	0.026
2.1805	0.026
2.181	0.026
2.1815	0.026
2.182	0.026
2.1825	0.026
2.183	0.026
2.1835	0.026
2.184	0.026
2.1845	0.026
2.185	0.026
2.1855	0.026
2.186	0.026
2.1865	0.026
2.187	0.026
2.1875	0.026
2.188	0.026
2.1885	0.026
2.189	0.026
2.1895	0.026
2.19	0.026
2.1905	0.026
2.191	0.026
2.1915	0.026
2.192	0.026
2.1925	0.026
2.193	0.026
2.1935	0.026
2.194	0.026
2.1945	0.026
2.195	0.026
2.1955	0.026
2.196	0.026
2.1965	0.026
2.197	0.026
2.1975	0.026
2.198	0.026
2.1985	0.026
2.199	0.026
2.1995	0.0262
2.2	0.0262
2.2005	0.0262
2.201	0.0264
2.2015	0.0264
2.202	0.0264
2.2025	0.0264
2.203	0.0264
2.2035	0.0264
2.204	0.0264
2.2045	0.0264
2.205	0.0264
2.2055	0.0264
2.206	0.0264
2.2065	0.0264
2.207	0.0264
2.2075	0.0264
2.208	0.0264
2.2085	0.0264
2.209	0.0264
2.2095	0.0264
2.21	0.0264
2.2105	0.0264
2.211	0.0264
2.2115	0.0264
2.212	0.0264
2.2125	0.0264
2.213	0.0264
2.2135	0.026866667
2.214	0.026866667
2.2145	0.026866667
2.215	0.0272
2.2155	0.0272
2.216	0.0272
2.2165	0.0272
2.217	0.0272
2.2175	0.0272
2.218	0.0272
2.2185	0.0272
2.219	0.0272
2.2195	0.0272
2.22	0.0272
2.2205	0.0272
2.221	0.0272
2.2215	0.0272
2.222	0.0272
2.2225	0.0272
2.223	0.0272
2.2235	0.0272
2.224	0.0272
2.2245	0.0272
2.225	0.0272
2.2255	0.0272
2.226	0.0272
2.2265	0.0272
2.227	0.0272
2.2275	0.0272
2.228	0.0272
2.2285	0.0272
2.229	0.0272
2.2295	0.0272
2.23	0.0272
2.2305	0.0272
2.231	0.0272
2.2315	0.0272
2.232	0.0272
2.2325	0.0272
2.233	0.0272
2.2335	0.0272
2.234	0.0272
2.2345	0.0272
2.235	0.0272
2.2355	0.0272
2.236	0.0272
2.2365	0.0272
2.237	0.0272
2.2375	0.0272
2.238	0.0272
2.2385	0.0272
2.239	0.0272
2.2395	0.0272
2.24	0.0272
2.2405	0.0272
2.241	0.0272
2.2415	0.0272
2.242	0.0272
2.2425	0.0272
2.243	0.0272
2.2435	0.0272
2.244	0.0272
2.2445	0.0272
2.245	0.0272
2.2455	0.0272
2.246	0.0272
2.2465	0.0272
2.247	0.0272
2.2475	0.0272
2.248	0.0272
2.2485	0.0272
2.249	0.0272
2.2495	0.0272
2.25	0.0272
2.2505	0.0272
2.251	0.0272
2.2515	0.0272
2.252	0.0272
2.2525	0.0272
2.253	0.0272
2.2535	0.027833333
2.254	0.027833333
2.2545	0.027833333
2.255	0.02845
2.2555	0.02845
2.256	0.02845
2.2565	0.02845
2.257	0.02845
2.2575	0.02845
2.258	0.02845
2.2585	0.02845
2.259	0.02845
2.2595	0.02845
2.26	0.02845
2.2605	0.02845
2.261	0.02845
2.2615	0.02845
2.262	0.02845
2.2625	0.02845
2.263	0.02845
2.2635	0.02845
2.264	0.02845
2.2645	0.02845
2.265	0.02845
2.2655	0.02845
2.266	0.02845
2.2665	0.02845
2.267	0.02845
2.2675	0.02845
2.268	0.02845
2.2685	0.02845
2.269	0.02845
2.2695	0.02845
2.27	0.02845
2.2705	0.02845
2.271	0.02845
2.2715	0.02845
2.272	0.02845
2.2725	0.02845
2.273	0.02845
2.2735	0.02845
2.274	0.02845
2.2745	0.02845
2.275	0.02845
2.2755	0.02845
2.276	0.02845
2.2765	0.02845
2.277	0.02845
2.2775	0.02845
2.278	0.02845
2.2785	0.02845
2.279	0.02845
2.2795	0.02845
2.28	0.02845
2.2805	0.02845
2.281	0.02845
2.2815	0.02845
2.282	0.02845
2.2825	0.02845
2.283	0.02845
2.2835	0.02845
2.284	0.02845
2.2845	0.02845
2.285	0.02845
2.2855	0.02845
2.286	0.02845
2.2865	0.02845
2.287	0.02845
2.2875	0.02845
2.288	0.02845
2.2885	0.02845
2.289	0.02845
2.2895	0.02845
2.29	0.02845
2.2905	0.02845
2.291	0.02845
2.2915	0.02845
2.292	0.02845
2.2925	0.02845
2.293	0.02845
2.2935	0.02845
2.294	0.02845
2.2945	0.02845
2.295	0.02845
2.2955	0.0287
2.296	0.0287
2.2965	0.0287
2.297	0.02915
2.2975	0.02915
2.298	0.02915
2.2985	0.02915
2.299	0.02915
2.2995	0.0293
2.3	0.0293
2.3005	0.0293
2.301	0.0294
2.3015	0.0294
2.302	0.0294
2.3025	0.0294
2.303	0.0294
2.3035	0.0294
2.304	0.0294
2.3045	0.0294
2.305	0.0294
2.3055	0.0294
2.306	0.0294
2.3065	0.0294
2.307	0.0294
2.3075	0.0294
2.308	0.0294
2.3085	0.0294
2.309	0.0294
2.3095	0.0294
2.31	0.0294
2.3105	0.0294
2.311	0.0294
2.3115	0.0294
2.312	0.0294
2.3125	0.0294
2.313	0.0294
2.3135	0.0294
2.314	0.0294
2.3145	0.0294
2.315	0.0294
2.3155	0.0294
2.316	0.0294
2.3165	0.0294
2.317	0.0294
2.3175	0.0294
2.318	0.0294
2.3185	0.0294
2.319	0.0294
2.3195	0.0294
2.32	0.0294
2.3205	0.0294
2.321	0.0294
2.3215	0.0294
2.322	0.0294
2.3225	0.0294
2.323	0.0294
2.3235	0.0294
2.324	0.0294
2.3245	0.0294
2.325	0.0294
2.3255	0.0294
2.326	0.0294
2.3265	0.0294
2.327	0.0294
2.3275	0.0294
2.328	0.0294
2.3285	0.0294
2.329	0.0294
2.3295	0.0294
2.33	0.0294
2.3305	0.0294
2.331	0.0294
2.3315	0.0294
2.332	0.0294
2.3325	0.0294
2.333	0.0294
2.3335	0.0294
2.334	0.0294
2.3345	0.0294
2.335	0.0294
2.3355	0.0294
2.336	0.0294
2.3365	0.0294
2.337	0.0294
2.3375	0.0294
2.338	0.0294
2.3385	0.029566667
2.339	0.029566667
2.3395	0.029566667
2.34	0.02975
2.3405	0.02975
2.341	0.02975
2.3415	0.02975
2.342	0.02975
2.3425	0.02975
2.343	0.02975
2.3435	0.02975
2.344	0.02975
2.3445	0.02975
2.345	0.02975
2.3455	0.02975
2.346	0.02975
2.3465	0.02975
2.347	0.02975
2.3475	0.02975
2.348	0.02975
2.3485	0.02975
2.349	0.02975
2.3495	0.02975
2.35	0.02975
2.3505	0.02975
2.351	0.02975
2.3515	0.02975
2.352	0.02975
2.3525	0.02975
2.353	0.02975
2.3535	0.02975
2.354	0.02975
2.3545	0.02975
2.355	0.02975
2.3555	0.02975
2.356	0.02975
2.3565	0.02975
2.357	0.02975
2.3575	0.02975
2.358	0.02975
2.3585	0.02975
2.359	0.02975
2.3595	0.02975
2.36	0.02975
2.3605	0.02975
2.361	0.02975
2.3615	0.02975
2.362	0.02975
2.3625	0.02975
2.363	0.02975
2.3635	0.02975
2.364	0.02975
2.3645	0.02975
2.365	0.02975
2.3655	0.02975
2.366	0.02975
2.3665	0.02975
2.367	0.02975
2.3675	0.02975
2.368	0.02975
2.3685	0.02975
2.369	0.02975
2.3695	0.02975
2.37	0.02975
2.3705	0.02975
2.371	0.02975
2.3715	0.02975
2.372	0.02975
2.3725	0.02975
2.373	0.02975
2.3735	0.02975
2.374	0.02975
2.3745	0.02975
2.375	0.02975
2.3755	0.02975
2.376	0.02975
2.3765	0.02975
2.377	0.02975
2.3775	0.02975
2.378	0.02975
2.3785	0.02975
2.379	0.02975
2.3795	0.02975
2.38	0.02975
2.3805	0.02975
2.381	0.02975
2.3815	0.02975
2.382	0.02975
2.3825	0.02975
2.383	0.02975
2.3835	0.0299
2.384	0.0299
2.3845	0.0299
2.385	0.03005
2.3855	0.03005
2.386	0.03005
2.3865	0.03005
2.387	0.03005
2.3875	0.03005
2.388	0.03005
2.3885	0.03005
2.389	0.03005
2.3895	0.03005
2.39	0.03005
2.3905	0.03005
2.391	0.03005
2.3915	0.03005
2.392	0.03005
2.3925	0.03005
2.393	0.03005
2.3935	0.03005
2.394	0.03005
2.3945	0.03005
2.395	0.03005
2.3955	0.03005
2.396	0.03005
2.3965	0.03005
2.397	0.03005
2.3975	0.03005
2.398	0.03005
2.3985	0.03005
2.399	0.03005
2.3995	0.030466667
2.4	0.030466667
2.4005	0.030466667
2.401	0.03075
2.4015	0.03075
2.402	0.03075
2.4025	0.03075
2.403	0.03075
2.4035	0.03075
2.404	0.03075
2.4045	0.03075
2.405	0.03075
2.4055	0.03075
2.406	0.03075
2.4065	0.03075
2.407	0.03075
2.4075	0.03075
2.408	0.03075
2.4085	0.03075
2.409	0.03075
2.4095	0.03075
2.41	0.03075
2.4105	0.03075
2.411	0.03075
2.4115	0.03075
2.412	0.03075
2.4125	0.03075
2.413	0.03075
2.4135	0.03075
2.414	0.03075
2.4145	0.03075
2.415	0.03075
2.4155	0.03075
2.416	0.03075
2.4165	0.03075
2.417	0.03075
2.4175	0.03075
2.418	0.03075
2.4185	0.03075
2.419	0.03075
2.4195	0.03075
2.42	0.03075
2.4205	0.03075
2.421	0.03075
2.4215	0.03075
2.422	0.03075
2.4225	0.03075
2.423	0.03075
2.4235	0.03075
2.424	0.03075
2.4245	0.03075
2.425	0.03075
2.4255	0.03075
2.426	0.03075
2.4265	0.03075
2.427	0.03075
2.4275	0.03075
2.428	0.03075
2.4285	0.03075
2.429	0.03075
2.4295	0.03075
2.43	0.03075
2.4305	0.0316
2.431	0.0316
2.4315	0.0316
2.432	0.0323
2.4325	0.0323
2.433	0.0323
2.4335	0.0323
2.434	0.0323
2.4345	0.0323
2.435	0.0323
2.4355	0.0323
2.436	0.0323
2.4365	0.0323
2.437	0.0323
2.4375	0.0323
2.438	0.0323
2.4385	0.0323
2.439	0.0323
2.4395	0.0323
2.44	0.0323
2.4405	0.0323
2.441	0.0323
2.4415	0.0323
2.442	0.0323
2.4425	0.0323
2.443	0.0323
2.4435	0.0323
2.444	0.0323
2.4445	0.0323
2.445	0.0323
2.4455	0.0323
2.446	0.0323
2.4465	0.0323
2.447	0.0323
2.4475	0.0323
2.448	0.0323
2.4485	0.0323
2.449	0.0323
2.4495	0.0323
2.45	0.0323
